MEMORY
  total            14.6 MB
  struct          159.2 KB
  buffer          482.1 KB
  arena            14.0 MB, used 0.2%

SIZES
  narena                14680064
  nbuffer               493712
  nplugin               0
  maxuse_stack          5080
  maxuse_arena          33912
  maxuse_con            9
  maxuse_efc            46
  ncon                  8
  ne                    3
  nf                    7
  nl                    0
  nefc                  42
  nJ                    504
  nA                    0
  nisland               0
  nidof                 0
  threadpool            0

TIMER
    0:  duration =  0.2        number = 1
    1:  duration =  0.2        number = 1
    2:  duration =  0          number = 0
    3:  duration =  0.16       number = 1
    4:  duration =  0.011      number = 1
    5:  duration =  0.0035     number = 1
    6:  duration =  0.016      number = 1
    7:  duration =  0.0055     number = 1
    8:  duration =  0.02       number = 1
    9:  duration =  0.0032     number = 1
    10:  duration =  0.11       number = 1
    11:  duration =  0.022      number = 1
    12:  duration =  0.00027    number = 1
    13:  duration =  0.01       number = 1
    14:  duration =  0.011      number = 1

SOLVER STAT
  solver_fwdinv =   0         0       
  ISLAND 0
    solver_niter = 1
    solver_nnz = 144
      0:  improvement =  24          gradient =  1.2e-15     lineslope =  0       
          nactive = 42   nchange = 0   neval = 2   nupdate = 0

ENERGY =   0         0       

TIME =  1.2     

QPOS
   0.093   
   0.16    
   0.92    
   0.48    
   0.38    
  -0.4     
  -2.4     
   0.41    
   2.8     
  -1.8     
   0.011   
   0.025   

QVEL
   3.6e-14 
   4.8e-14 
   1.1e-12 
  -0.2     
  -0.00092 
  -0.056   
  -0.035   
   0.0093  
  -0.13    
  -0.36    
  -0.32    
   0.12    

QACC_WARMSTART
  -4.9e-12 
  -6.5e-12 
  -1.5e-10 
   16      
  -36      
  -7.9     
  -81      
  -0.34    
   1.4e+02 
  -45      
  -11      
  -3.3     

CTRL
  -0.15    
  -0.23    
  -0.084   
  -0.42    
   0.011   
   0.2     
  -0.37    

QFRC_APPLIED
   0       
   0       
   0       
   0       
   0       
   0       
   0       
   0       
   0       
   0       
   0       
   0       

XFRC_APPLIED
   0         0         0         0         0         0       
   0         0         0         0         0         0       
   0         0         0         0         0         0       
   0         0         0         0         0         0       
   0         0         0         0         0         0       
   0         0         0         0         0         0       
   0         0         0         0         0         0       
   0         0         0         0         0         0       
   0         0         0         0         0         0       
   0         0         0         0         0         0       
   0         0         0         0         0         0       
   0         0         0         0         0         0       
   0         0         0         0         0         0       
   0         0         0         0         0         0       
   0         0         0         0         0         0       

EQ_ACTIVE             1

MOCAP_POS
   0.4       0         0.009   

MOCAP_QUAT
   0.71      0         0        -0.71    

QACC
  -4.9e-12 
  -6.5e-12 
  -1.5e-10 
   16      
  -36      
  -7.9     
  -81      
  -0.34    
   1.4e+02 
  -45      
  -11      
  -3.3     

SENSOR
   0.48    
   0.014   
   0.035   
  -0.00085 
   0.71    
   0.71    
   0.00078 
   0.017   
  -0.06    
  -0.14    
   0.9     
   0.45    
   0       
   0       
   0.58    
  -0.06    
   0.026   

XPOS
   0         0         0       
   0.4       0         0.009   
   0.56     -0.093     0.026   
   0         0         0       
   0         0         0       
   0         0         0.33    
   0         0         0.33    
   0.1       0.055     0.63    
   0.18      0.06      0.6     
   0.39      0.037     0.27    
   0.39      0.037     0.27    
   0.48      0.014     0.27    
   0.48      0.014     0.16    
   0.48      0.014     0.035   
   0.47      0.017     0.035   

XQUAT
   1         0         0         0       
   0.71      0         0        -0.71    
   0.95      0         0        -0.32    
   1         0         0         0       
   1         0         0         0       
   0.97      0         0         0.24    
   0.64     -0.71     -0.037     0.3     
   0.98     -0.081     0.17      0.046   
   0.17      0.073     0.65     -0.74    
   0.18      0.13      0.97     -0.024   
   0.7       0.7      -0.095    -0.095   
  -0.00085   0.71      0.71      0.00078 
  -0.00085   0.71      0.71      0.00078 
  -0.00085   0.71      0.71      0.00078 
   0         0.71      0.71      0       

XMAT
   1         0         0         0         1         0         0         0         1       
   0         1         0        -1         0        -0        -0         0         1       
   0.8       0.6       0        -0.6       0.8      -0        -0         0         1       
   1         0         0         0         1         0         0         0         1       
   1         0         0         0         1         0         0         0         1       
   0.88     -0.47      0         0.47      0.88      0         0         0         1       
   0.82     -0.33     -0.47      0.43     -0.17      0.88     -0.37     -0.93      1.4e-16 
   0.94     -0.12      0.33      0.062     0.98      0.17     -0.34     -0.14      0.93    
  -0.93      0.35      0.12     -0.16     -0.094    -0.98     -0.33     -0.93      0.14    
  -0.9       0.27      0.35      0.25      0.96     -0.094    -0.36      0.0022   -0.93    
   0.96      9.9e-05  -0.27     -0.27     -0.0023   -0.96     -0.00071   1        -0.0022  
   0.0055    1        -9.9e-05   1        -0.0055    0.0023    0.0023   -0.00011  -1       
   0.0055    1        -9.9e-05   1        -0.0055    0.0023    0.0023   -0.00011  -1       
   0.0055    1        -9.9e-05   1        -0.0055    0.0023    0.0023   -0.00011  -1       
   0         1         0         1         0         0         0         0        -1       

XIPOS
   0         0         0       
   0.44      0         0.009   
   0.58     -0.06      0.026   
   0         0         0       
  -0.03     -0.00025   0.058   
   0.0085   -0.016     0.29    
   0.023     0.022     0.4     
   0.13      0.048     0.59    
   0.25      0.07      0.55    
   0.37      0.074     0.36    
   0.45      0.031     0.23    
   0.49      0.018     0.28    
   0.48      0.014     0.098   
   0.48      0.014     0.035   
   0.47      0.017     0.035   

XIMAT
   1         0         0         0         1         0         0         0         1       
   0        -0        -1         0         1        -0         1         0         0       
  -1.4e-17  -0.8      -0.6       0         0.6      -0.8       1         0         1.4e-17 
   1         0         0         0         1         0         0         0         1       
   0.011    -0.5       0.87      1         0.033     0.0069   -0.032     0.86      0.5     
   0.87     -0.48     -0.051     0.49      0.87      0.11     -0.0089   -0.12      0.99    
  -0.27     -0.87      0.41      0.96     -0.25      0.086     0.03      0.42      0.91    
   0.58     -0.73      0.36      0.38      0.63      0.68     -0.72     -0.26      0.64    
  -0.42      0.18     -0.89     -0.77     -0.59      0.25     -0.48      0.79      0.39    
  -0.9      -0.37      0.22     -0.43      0.83     -0.35     -0.047    -0.41     -0.91    
   0.47      0.038     0.88      0.27     -0.96     -0.11      0.84      0.29     -0.46    
   0.87      0.18     -0.46      0.074    -0.97     -0.23     -0.49      0.17     -0.86    
   0.0055    1        -9.9e-05   1        -0.0055    0.0023    0.0023   -0.00011  -1       
   0.0055    1        -9.9e-05   1        -0.0055    0.0023    0.0023   -0.00011  -1       
   0         1         0         1         0         0         0         0        -1       

XANCHOR
   0.4       0         0.026   
   0.4      -0.093     0.026   
   0.56     -0.093     0.026   
   0         0         0.33    
   0         0         0.33    
   0.1       0.055     0.63    
   0.18      0.06      0.6     
   0.39      0.037     0.27    
   0.39      0.037     0.27    
   0.48      0.014     0.27    
   0.45      0         0.035   
   0.45      0.017     0.035   

XAXIS
   2.2e-16  -1         0       
   1         2.2e-16   0       
   0         0         1       
   0         0         1       
  -0.47      0.88      2.2e-16 
   0.33      0.17      0.93    
   0.12     -0.98      0.14    
   0.35     -0.094    -0.93    
  -0.27     -0.96     -0.0022  
  -9.9e-05   0.0023   -1       
  -2.2e-16   1         0       
   1        -2.2e-16   0       

GEOM_XPOS
   0         0         0       
   0.4       0         0.009   
   0.47      0         0.009   
   0.56     -0.092     0.026   
   0.6      -0.033     0.026   
  -0.044    -0.0034    0.042   
   0.011    -2.2e-05   0.047   
  -0.042    -0.021     0.045   
  -0.034     8.7e-05   0.048   
   0.024     0.0002    0.12    
  -0.07      0.023     0.13    
  -0.008    -3.5e-05   0.12    
   0         0         0.14    
   0         0         0.33    
   0.015    -0.029     0.27    
   0.0074    0.041     0.4     
   0.056     0.03      0.49    
   0.12      0.065     0.57    
   0.17      0.14      0.59    
   0.24      0.048     0.57    
   0.2      -0.017     0.61    
   0.3       0.063     0.52    
   0.35      0.08      0.39    
   0.39      0.15      0.37    
   0.41      0.13      0.3     
   0.48      0.037     0.34    
   0.39      0.044     0.27    
   0.45      0.017     0.27    
   0.38     -0.013     0.27    
   0.47     -0.01      0.34    
   0.48      0.014     0.34    
   0.43      0.0043    0.3     
   0.48      0.012     0.34    
   0.4       0.076     0.27    
   0.44     -0.02      0.18    
   0.47      0.011     0.19    
   0.52      0.055     0.18    
   0.52      0.055     0.18    
   0.48      0.014     0.27    
   0.48      0.014     0.098   
   0.48      0.014     0.035   
   0.47      0.017     0.035   

GEOM_XMAT
   1         0         0         0         1         0         0         0         1       
   0         1         0        -1         0        -0        -0         0         1       
   0         1         0        -1         0        -0        -0         0         1       
   0.8       0.6       0        -0.6       0.8      -0        -0         0         1       
   0.8       0.6       0        -0.6       0.8      -0        -0         0         1       
  -0.0085   -1         0.049     0.085    -0.05     -1         1        -0.0042    0.086   
   0.99     -0.12      1.5e-05   3.6e-05   0.00017  -1         0.12      0.99      0.00017 
   0.0025   -0.99     -0.11      0.087     0.11     -0.99      1        -0.0072    0.086   
  -0.31      0.0089    0.95     -0.021    -1         0.0025    0.95     -0.019     0.31    
   0.18     -0.98     -0.029    -0.0027    0.029    -1         0.98      0.18      0.0026  
   1         8.3e-06   0.0072    0.0072   -0.0012   -1         8.7e-19   1        -0.0012  
   0.034    -0.00032   1        -6.3e-05  -1        -0.00032   1        -5.2e-05  -0.034   
   1         0         0         0         1         0         0         0         1       
   0.88     -8.3e-17   0.47      0.47      1.6e-16  -0.88      0         1         1.8e-16 
   0.88     -0.43      0.18      0.47      0.82     -0.33     -0.00025   0.37      0.93    
   0.82     -0.31      0.48      0.44      0.88     -0.17     -0.37      0.35      0.86    
   0.82     -0.47      0.33      0.43      0.88      0.17     -0.37     -1.4e-17   0.93    
  -0.57      0.05      0.82      0.62     -0.64      0.47      0.55      0.77      0.33    
  -0.2      -0.31      0.93      0.96      0.1       0.24     -0.17      0.94      0.28    
  -0.56      0.064    -0.83      0.43     -0.83     -0.36     -0.71     -0.56      0.43    
   0.2       0.29     -0.93     -0.97      0.17     -0.16      0.11      0.94      0.32    
  -0.9      -0.27     -0.35      0.25     -0.96      0.094    -0.36     -0.0022    0.93    
  -0.9       0.16      0.4       0.23      0.96      0.13     -0.36      0.21     -0.91    
   0.2       0.9       0.39      0.97     -0.25      0.075     0.16      0.36     -0.92    
   0.25      0.9       0.36      0.97     -0.25     -0.045     0.048     0.36     -0.93    
   0.96      9.9e-05  -0.27     -0.27     -0.0023   -0.96     -0.00071   1        -0.0022  
  -0.27     -0.83     -0.49     -0.96      0.23      0.14     -0.0022    0.5      -0.86    
  -0.12     -0.034     0.99     -0.99     -0.0048   -0.12      0.009    -1        -0.034   
  -0.27     -9.9e-05   0.96     -0.96      0.0023   -0.27     -0.0022   -1        -0.00071 
   0.96      9.9e-05  -0.27     -0.27     -0.0023   -0.96     -0.00071   1        -0.0022  
   9.9e-05  -0.96     -0.27     -0.0023    0.27     -0.96      1         0.00071  -0.0022  
  -0.18      0.56      0.81     -0.89     -0.43      0.1       0.41     -0.7       0.58    
   0.21     -0.27      0.94     -0.059    -0.96     -0.26      0.98     -0.0022   -0.21    
   0.96     -9.9e-05   0.27     -0.27      0.0023    0.96     -0.00071  -1         0.0022  
   0.0055    1        -9.9e-05   1        -0.0055    0.0023    0.0023   -0.00011  -1       
  -0.00029  -0.7      -0.72      0.01     -0.72      0.7      -1        -0.0071    0.0073  
  -0.15     -0.7      -0.7      -0.15     -0.69      0.71     -0.98      0.21      0.0017  
  -0.32     -0.64     -0.7      -0.31     -0.63      0.71     -0.89      0.45      0.0016  
   0.0055   -1         9.9e-05   1         0.0055   -0.0023    0.0023    0.00011   1       
   0.0055    1        -9.9e-05   1        -0.0055    0.0023    0.0023   -0.00011  -1       
   0.0055    1        -9.9e-05   1        -0.0055    0.0023    0.0023   -0.00011  -1       
   0         1         0         1         0         0         0         0        -1       

SITE_XPOS
   0.56     -0.093     0.026   
   0.6      -0.029     0.026   
   0.48      0.014     0.035   
   0.47      0.017     0.035   

SITE_XMAT
   0.8       0.6       0        -0.6       0.8      -0        -0         0         1       
   0.8       0.6       0        -0.6       0.8      -0        -0         0         1       
   0.0055    1        -9.9e-05   1        -0.0055    0.0023    0.0023   -0.00011  -1       
   0         1         0         1         0         0         0         0        -1       

CAM_XPOS
  -0.28     -0.51      0.82    

CAM_XMAT
   0.86      0.4      -0.3      -0.5       0.69     -0.52      2.8e-17   0.6       0.8     

LIGHT_XPOS
   0         0         1.5     

LIGHT_XDIR
   0         0        -1       

SUBTREE_COM
   0.17      0.028     0.34    
   0.44      0         0.009   
   0.58     -0.06      0.026   
   0.16      0.03      0.35    
   0.16      0.03      0.35    
   0.2       0.035     0.4     
   0.24      0.047     0.42    
   0.3       0.055     0.43    
   0.36      0.057     0.39    
   0.42      0.05      0.3     
   0.46      0.028     0.24    
   0.48      0.018     0.26    
   0.48      0.014     0.084   
   0.48      0.014     0.035   
   0.47      0.017     0.035   

CDOF
   0         0         0         2.2e-16  -1         0       
   0         0         0         1         2.2e-16   0       
   0         0         1        -0.033     0.025     0       
   0         0         1        -0.03      0.16      0       
  -0.47      0.88      2.2e-16   0.013     0.0069   -0.16    
   0.33      0.17      0.93     -0.025     0.14     -0.018   
   0.12     -0.98      0.14      0.25      0.026    -0.024   
   0.35     -0.094    -0.93     -0.014     0.19     -0.024   
  -0.27     -0.96     -0.0022   -0.078     0.022    -0.22    
  -9.9e-05   0.0023   -1         0.016     0.32      0.00073 
   0         0         0        -2.2e-16   1         0       
   0         0         0         1        -2.2e-16   0       

CINERT
   0         0         0         0         0         0         0         0         0         0       
   0.00053   0.0012    0.0014    0         0         0         0         0        -9.5e-19   0.55    
   0.00024   0.0002    0.00038  -7.8e-05  -6.4e-21  -1.5e-21   0        -1e-18     5e-19     0.14    
   0         0         0         0         0         0        -0        -0        -0         0       
   0.25      0.35      0.12     -0.016    -0.16     -0.025    -0.54     -0.085    -0.82      2.8     
   0.038     0.099     0.081    -0.02     -0.023    -0.009    -0.45     -0.13     -0.16      2.9     
   0.048     0.13      0.084    -0.0093    0.015     0.00055  -0.41     -0.023     0.16      2.9     
   0.15      0.15      0.025     0.0024    0.011    -0.012    -0.062     0.04      0.53      2.2     
   0.14      0.17      0.06      0.00045  -0.035    -0.018     0.22      0.1       0.54      2.6     
   0.059     0.14      0.12     -0.014     0.0016   -0.011     0.48      0.1       0.025     2.3     
   0.032     0.2       0.17      0.00076   0.071    -6.5e-05   0.53      0.0025   -0.22      1.8     
   0.0029    0.069     0.066     0.0023    0.013    -0.00051   0.2      -0.0073   -0.04      0.63    
   0.0032    0.0082    0.005     0.00025   0.004    -0.0002    0.016    -0.00078  -0.013     0.05    
   0.0014    0.0028    0.0014    6.9e-05   0.0014   -6.8e-05   0.0045   -0.00022  -0.0044    0.014   
   1.3e-06   1.3e-06   1.3e-06   0         0         0         0         0         0         0.014   

ACTUATOR_LENGTH
   0.49    
   0.38    
  -0.39    
  -2.4     
   0.41    
   2.8     
  -1.8     

actuator_moment
--------------
    x         |
     x        |
      x       |
       x      |
        x     |
         x    |
          x   |
--------------

ACTUATOR_MOMENT
     3:  1       
     4:  1       
     5:  1       
     6:  1       
     7:  1       
     8:  1       
     9:  1       

CRB
   0         0         0         0         0         0         0         0         0         0       
   0.00053   0.0012    0.0014    0         0         0         0         0        -9.5e-19   0.55    
   0.00024   0.0002    0.00038  -7.8e-05  -6.4e-21  -1.5e-21   0        -1e-18     5e-19     0.14    
   0.72      1.3       0.73     -0.053    -0.099    -0.076     2.2e-16  -4.2e-17  -1.2e-15   18      
   0.72      1.3       0.73     -0.053    -0.099    -0.076     2.2e-16  -4.2e-17  -1.2e-15   18      
   0.47      0.97      0.61     -0.037     0.059    -0.051     0.54      0.085     0.82      16      
   0.43      0.87      0.53     -0.017     0.082    -0.042     0.99      0.22      0.97      13      
   0.39      0.74      0.45     -0.0076    0.067    -0.043     1.4       0.24      0.82      9.7     
   0.24      0.59      0.42     -0.0099    0.056    -0.03      1.5       0.2       0.28      7.5     
   0.099     0.42      0.36     -0.01      0.091    -0.012     1.2       0.097    -0.25      4.8     
   0.04      0.28      0.24      0.0034    0.089    -0.00084   0.75     -0.0057   -0.28      2.5     
   0.0075    0.08      0.073     0.0026    0.018    -0.00078   0.22     -0.0083   -0.057     0.69    
   0.0046    0.011     0.0064    0.00032   0.0053   -0.00026   0.02     -0.001    -0.017     0.064   
   0.0014    0.0028    0.0014    6.9e-05   0.0014   -6.8e-05   0.0045   -0.00022  -0.0044    0.014   
   1.3e-06   1.3e-06   1.3e-06   0         0         0         0         0         0         0.014   

QM
   0.14    
   0         0.14    
  -0.0036   -0.0048    0.00063 
                                 1.4     
                                -0.015     1.6     
                                 1         0.12      1.2     
                                 0.098    -0.62     -0.0034    1.1     
                                -0.1      -0.0021   -0.093    -0.0063    0.11    
                                -0.013    -0.094    -0.031     0.091     0.0029    0.11    
                                -0.0028    7.6e-06  -0.0026    0.0004    0.00054  -0.00013   0.074   
                                                                                                       0.014   
                                                                                                       0         0.014   

M
     0:  0.14    
     0:  0          1:  0.14    
     0: -0.0036     1: -0.0048     2:  0.00063 
     3:  1.4     
     3: -0.015      4:  1.6     
     3:  1          4:  0.12       5:  1.2     
     3:  0.098      4: -0.62       5: -0.0034     6:  1.1     
     3: -0.1        4: -0.0021     5: -0.093      6: -0.0063     7:  0.11    
     3: -0.013      4: -0.094      5: -0.031      6:  0.091      7:  0.0029     8:  0.11    
     3: -0.0028     4:  7.6e-06    5: -0.0026     6:  0.0004     7:  0.00054    8: -0.00013    9:  0.074   
    10:  0.014   
    11:  0.014   

QLD
     0:  0.12    
     0: -0.25       1:  0.11    
     0: -5.7        1: -7.6        2:  0.00063 
     3:  0.48    
     3: -0.044      4:  1.2     
     3:  0.86       4:  0.089      5:  1.1     
     3:  0.1        4: -0.55       5:  0.016      6:  0.98    
     3: -0.9        4:  0.0032     5: -0.84       6: -0.079      7:  0.11    
     3: -0.12       4: -0.87       5: -0.29       6:  0.84       7:  0.027      8:  0.11    
     3: -0.037      4:  0.0001     5: -0.035      6:  0.0054     7:  0.0072     8: -0.0018     9:  0.074   
    10:  0.014   
    11:  0.014   

QLDIAGINV
   8.6     
   9.3     
   1.6e+03 
   2.1     
   0.81    
   0.91    
   1       
   9.1     
   9.2     
   13      
   71      
   71      

QH
     0:  0.15    
     0: -0.15       1:  0.14    
     0: -4.4        1: -5.8        2:  0.00083 
     3:  1.9     
     3: -0.017      4:  2.4     
     3:  0.47       4:  0.052      5:  2.2     
     3:  0.048      4: -0.3        5: -0.00067    6:  2.1     
     3: -0.089      4: -0.0017     5: -0.084      6: -0.0059     7:  1.1     
     3: -0.012      4: -0.084      5: -0.028      6:  0.081      7:  0.0026     8:  1.1     
     3: -0.0026     4:  7e-06      5: -0.0024     6:  0.00037    7:  0.0005     8: -0.00012    9:  1.1     
    10:  0.014   
    11:  0.014   

QHDIAGINV
   6.9     
   7.3     
   1.2e+03 
   0.52    
   0.41    
   0.46    
   0.49    
   0.9     
   0.9     
   0.93    
   71      
   71      

B: body-dof matrix
--------------
 xxxxxxxxxxxx |
              |
 xxx          |
    xxxxxxx   |
    xxxxxxx   |
    xxxxxxx   |
    xxxxxxx   |
    xxxxxxx   |
    xxxxxxx   |
    xxxxxxx   |
    xxxxxxx   |
    xxxxxxx   |
    xxxxxxx   |
    xxxxxxx   |
           xx |
--------------

B_rownnz              12 0 3 7 7 7 7 7 7 7 7 7 7 7 2

B_rowadr              0 12 12 15 22 29 36 43 50 57 64 71 78 85 92

B_colind              0 1 2 3 4 5 6 7 8 9 10 11 0 1 2 3 4 5 6 7 8 9 3 4 5 6 7 8 9 3 4 5 6 7 8 9 3 4 5 6 7 8 9 3 4 5 6 7 8 9 3 4 5 6 7 8 9 3 4 5 6 7 8 9 3 4 5 6 7 8 9 3 4 5 6 7 8 9 3 4 5 6 7 8 9 3 4 5 6 7 8 9 10 11

M: reduced inertia matrix
--------------
 x            |
 xx           |
 xxx          |
    x         |
    xx        |
    xxx       |
    xxxx      |
    xxxxx     |
    xxxxxx    |
    xxxxxxx   |
           x  |
            x |
--------------

M_rownnz              1 2 3 1 2 3 4 5 6 7 1 1

M_rowadr              0 1 3 6 7 9 12 16 21 27 34 35

M_colind              0 0 1 0 1 2 3 3 4 3 4 5 3 4 5 6 3 4 5 6 7 3 4 5 6 7 8 3 4 5 6 7 8 9 10 11

mapM2M                0 2 1 5 4 3 6 8 7 11 10 9 15 14 13 12 20 19 18 17 16 26 25 24 23 22 21 33 32 31 30 29 28 27 34 35

D: dof-dof matrix
--------------
 Dxx          |
 xDx          |
 xxD          |
    Dxxxxxx   |
    xDxxxxx   |
    xxDxxxx   |
    xxxDxxx   |
    xxxxDxx   |
    xxxxxDx   |
    xxxxxxD   |
           Dx |
           xD |
--------------

D_rownnz              3 3 3 7 7 7 7 7 7 7 2 2

D_rowadr              0 3 6 9 16 23 30 37 44 51 58 60

D_colind              0 1 2 0 1 2 0 1 2 3 4 5 6 7 8 9 3 4 5 6 7 8 9 3 4 5 6 7 8 9 3 4 5 6 7 8 9 3 4 5 6 7 8 9 3 4 5 6 7 8 9 3 4 5 6 7 8 9 10 11 10 11

mapM2D                0 2 5 2 1 4 5 4 3 6 8 11 15 20 26 33 8 7 10 14 19 25 32 11 10 9 13 18 24 31 15 14 13 12 17 23 30 20 19 18 17 16 22 29 26 25 24 23 22 21 28 33 32 31 30 29 28 27 34 36 36 35

mapD2M                0 4 3 8 7 6 9 17 16 25 24 23 33 32 31 30 41 40 39 38 37 49 48 47 46 45 44 57 56 55 54 53 52 51 58 61 60

QDERIV
     0: -1          1:  0          2:  0       
     0:  0          1: -1          2:  0       
     0:  0          1:  0          2: -0.01    
     3: -50         4:  0          5:  0          6:  0          7:  0          8:  0          9:  0       
     3:  0          4: -50         5:  0          6:  0          7:  0          8:  0          9:  0       
     3:  0          4:  0          5: -50         6:  0          7:  0          8:  0          9:  0       
     3:  0          4:  0          5:  0          6: -50         7:  0          8:  0          9:  0       
     3:  0          4:  0          5:  0          6:  0          7: -50         8:  0          9:  0       
     3:  0          4:  0          5:  0          6:  0          7:  0          8: -50         9:  0       
     3:  0          4:  0          5:  0          6:  0          7:  0          8:  0          9: -50      
    10:  0         11:  0       
    10:  0         11:  0       

CONTACT
  0:
     dim           3
     geoms         floor : bottom
     exclude       0
     efc_address   10
     solref         0.011     1       
     solimp         0.9       0.97      0.003     0.5       2       
     dist           0.001   
     includemargin  0.005   
     pos            0.51     -0.12      0.0005  
     frame          0         0         1         0         1         0        -1         0         0       
     friction       8         8         0.05      0.002     0.002   
     mu             3.3     
     force          0.052     4.5e-14   3.8e-14   0         0         0       
  1:
     dim           3
     geoms         floor : bottom
     exclude       0
     efc_address   14
     solref         0.011     1       
     solimp         0.9       0.97      0.003     0.5       2       
     dist           0.001   
     includemargin  0.005   
     pos            0.55     -0.15      0.0005  
     frame          0         0         1         0         1         0        -1         0         0       
     friction       8         8         0.05      0.002     0.002   
     mu             3.3     
     force          0.052     2.5e-14   5.4e-14   0         0         0       
  2:
     dim           3
     geoms         floor : bottom
     exclude       0
     efc_address   18
     solref         0.011     1       
     solimp         0.9       0.97      0.003     0.5       2       
     dist           0.001   
     includemargin  0.005   
     pos            0.57     -0.035     0.0005  
     frame          0         0         1         0         1         0        -1         0         0       
     friction       8         8         0.05      0.002     0.002   
     mu             3.3     
     force          0.052     1.3e-14  -5.1e-15   0         0         0       
  3:
     dim           3
     geoms         floor : bottom
     exclude       0
     efc_address   22
     solref         0.011     1       
     solimp         0.9       0.97      0.003     0.5       2       
     dist           0.001   
     includemargin  0.005   
     pos            0.61     -0.065     0.0005  
     frame          0         0         1         0         1         0        -1         0         0       
     friction       8         8         0.05      0.002     0.002   
     mu             3.3     
     force          0.052    -8.3e-15   1.1e-14   0         0         0       
  4:
     dim           3
     geoms         floor : top
     exclude       0
     efc_address   26
     solref         0.011     1       
     solimp         0.9       0.97      0.003     0.5       2       
     dist           0.001   
     includemargin  0.005   
     pos            0.54     -0.016     0.0005  
     frame          0         0         1         0         1         0        -1         0         0       
     friction       8         8         0.05      0.002     0.002   
     mu             3.3     
     force          0.052     2.8e-14  -1.5e-14   0         0         0       
  5:
     dim           3
     geoms         floor : top
     exclude       0
     efc_address   30
     solref         0.011     1       
     solimp         0.9       0.97      0.003     0.5       2       
     dist           0.001   
     includemargin  0.005   
     pos            0.63     -0.089     0.0005  
     frame          0         0         1         0         1         0        -1         0         0       
     friction       8         8         0.05      0.002     0.002   
     mu             3.3     
     force          0.052    -2.2e-14   2.3e-14   0         0         0       
  6:
     dim           3
     geoms         floor : top
     exclude       0
     efc_address   34
     solref         0.011     1       
     solimp         0.9       0.97      0.003     0.5       2       
     dist           0.001   
     includemargin  0.005   
     pos            0.57      0.023     0.0005  
     frame          0         0         1         0         1         0        -1         0         0       
     friction       8         8         0.05      0.002     0.002   
     mu             3.3     
     force          0.052     1.2e-14  -3.6e-14   0         0         0       
  7:
     dim           3
     geoms         floor : top
     exclude       0
     efc_address   38
     solref         0.011     1       
     solimp         0.9       0.97      0.003     0.5       2       
     dist           0.001   
     includemargin  0.005   
     pos            0.66     -0.049     0.0005  
     frame          0         0         1         0         1         0        -1         0         0       
     friction       8         8         0.05      0.002     0.002   
     mu             3.3     
     force          0.052    -3.8e-14   2.2e-15   0         0         0       

EFC_TYPE
  0
  0
  0
  1
  1
  1
  1
  1
  1
  1
  6
  6
  6
  6
  6
  6
  6
  6
  6
  6
  6
  6
  6
  6
  6
  6
  6
  6
  6
  6
  6
  6
  6
  6
  6
  6
  6
  6
  6
  6
  6
  6

EFC_ID
  0
  0
  0
  3
  4
  5
  6
  7
  8
  9
  0
  0
  0
  0
  1
  1
  1
  1
  2
  2
  2
  2
  3
  3
  3
  3
  4
  4
  4
  4
  5
  5
  5
  5
  6
  6
  6
  6
  7
  7
  7
  7

EFC_J
   0         0         0        -0.014    -0.26     -0.065     0.56      0.00052   0.22      0         2.2e-16  -1       
   0         0         0         0.48     -0.14      0.54      0.11      0.0019   -0.062     0        -1         2.2e-16 
   0         0         0         0        -0.43     -0.078     0.28      4.3e-06   0.088     0         0         0       
   0         0         0         1         0         0         0         0         0         0         0         0       
   0         0         0         0         1         0         0         0         0         0         0         0       
   0         0         0         0         0         1         0         0         0         0         0         0       
   0         0         0         0         0         0         1         0         0         0         0         0       
   0         0         0         0         0         0         0         1         0         0         0         0       
   0         0         0         0         0         0         0         0         1         0         0         0       
   0         0         0         0         0         0         0         0         0         1         0         0       
  -8         1.8e-15  -0.41      0         0         0         0         0         0         0         0         0       
   8        -1.8e-15   0.41      0         0         0         0         0         0         0         0         0       
  -1.8e-15  -8        -0.2       0         0         0         0         0         0         0         0         0       
   1.8e-15   8         0.2       0         0         0         0         0         0         0         0         0       
  -8         1.8e-15  -0.087     0         0         0         0         0         0         0         0         0       
   8        -1.8e-15   0.087     0         0         0         0         0         0         0         0         0       
  -1.8e-15  -8        -0.45      0         0         0         0         0         0         0         0         0       
   1.8e-15   8         0.45      0         0         0         0         0         0         0         0         0       
  -8         1.8e-15   0.096     0         0         0         0         0         0         0         0         0       
   8        -1.8e-15  -0.096     0         0         0         0         0         0         0         0         0       
  -1.8e-15  -8         0.46      0         0         0         0         0         0         0         0         0       
   1.8e-15   8        -0.46      0         0         0         0         0         0         0         0         0       
  -8         1.8e-15   0.42      0         0         0         0         0         0         0         0         0       
   8        -1.8e-15  -0.42      0         0         0         0         0         0         0         0         0       
  -1.8e-15  -8         0.22      0         0         0         0         0         0         0         0         0       
   1.8e-15   8        -0.22      0         0         0         0         0         0         0         0         0       
  -8         1.8e-15  -0.14      0         0         0         0         0         0         0         0         0       
   8        -1.8e-15   0.14      0         0         0         0         0         0         0         0         0       
  -1.8e-15  -8         0.61      0         0         0         0         0         0         0         0         0       
   1.8e-15   8        -0.61      0         0         0         0         0         0         0         0         0       
  -8         1.8e-15   0.62      0         0         0         0         0         0         0         0         0       
   8        -1.8e-15  -0.62      0         0         0         0         0         0         0         0         0       
  -1.8e-15  -8         0.029     0         0         0         0         0         0         0         0         0       
   1.8e-15   8        -0.029     0         0         0         0         0         0         0         0         0       
  -8         1.8e-15   0.1       0         0         0         0         0         0         0         0         0       
   8        -1.8e-15  -0.1       0         0         0         0         0         0         0         0         0       
  -1.8e-15  -8         0.93      0         0         0         0         0         0         0         0         0       
   1.8e-15   8        -0.93      0         0         0         0         0         0         0         0         0       
  -8         1.8e-15   0.87      0         0         0         0         0         0         0         0         0       
   8        -1.8e-15  -0.87      0         0         0         0         0         0         0         0         0       
  -1.8e-15  -8         0.35      0         0         0         0         0         0         0         0         0       
   1.8e-15   8        -0.35      0         0         0         0         0         0         0         0         0       

EFC_POS
   0.0046  
  -0.0024  
   8.4e-05 
   0       
   0       
   0       
   0       
   0       
   0       
   0       
   0.001   
   0.001   
   0.001   
   0.001   
   0.001   
   0.001   
   0.001   
   0.001   
   0.001   
   0.001   
   0.001   
   0.001   
   0.001   
   0.001   
   0.001   
   0.001   
   0.001   
   0.001   
   0.001   
   0.001   
   0.001   
   0.001   
   0.001   
   0.001   
   0.001   
   0.001   
   0.001   
   0.001   
   0.001   
   0.001   
   0.001   
   0.001   

EFC_MARGIN
   0       
   0       
   0       
   0       
   0       
   0       
   0       
   0       
   0       
   0       
   0.005   
   0.005   
   0.005   
   0.005   
   0.005   
   0.005   
   0.005   
   0.005   
   0.005   
   0.005   
   0.005   
   0.005   
   0.005   
   0.005   
   0.005   
   0.005   
   0.005   
   0.005   
   0.005   
   0.005   
   0.005   
   0.005   
   0.005   
   0.005   
   0.005   
   0.005   
   0.005   
   0.005   
   0.005   
   0.005   
   0.005   
   0.005   

EFC_FRICTIONLOSS
   0       
   0       
   0       
   1.1     
   1.1     
   1.1     
   1.1     
   0.76    
   0.44    
   0.25    
   0       
   0       
   0       
   0       
   0       
   0       
   0       
   0       
   0       
   0       
   0       
   0       
   0       
   0       
   0       
   0       
   0       
   0       
   0       
   0       
   0       
   0       
   0       
   0       
   0       
   0       
   0       
   0       
   0       
   0       
   0       
   0       

EFC_DIAGAPPROX
   71      
   71      
   71      
   3.5     
   0.74    
   3.9     
   2.6     
   9.2     
   9.3     
   13      
   6.4e+03 
   6.4e+03 
   6.4e+03 
   6.4e+03 
   6.4e+03 
   6.4e+03 
   6.4e+03 
   6.4e+03 
   6.4e+03 
   6.4e+03 
   6.4e+03 
   6.4e+03 
   6.4e+03 
   6.4e+03 
   6.4e+03 
   6.4e+03 
   6.4e+03 
   6.4e+03 
   6.4e+03 
   6.4e+03 
   6.4e+03 
   6.4e+03 
   6.4e+03 
   6.4e+03 
   6.4e+03 
   6.4e+03 
   6.4e+03 
   6.4e+03 
   6.4e+03 
   6.4e+03 
   6.4e+03 
   6.4e+03 

EFC_KBIP
   6.4e+02   51        0.99      0       
   6.4e+02   51        0.99      0       
   6.4e+02   51        0.99      0       
   0         53        0.9       0       
   0         53        0.9       0       
   0         53        0.9       0       
   0         53        0.9       0       
   0         53        0.9       0       
   0         53        0.9       0       
   0         53        0.9       0       
   6.6e+02   52        0.97      0       
   6.6e+02   52        0.97      0       
   6.6e+02   52        0.97      0       
   6.6e+02   52        0.97      0       
   6.6e+02   52        0.97      0       
   6.6e+02   52        0.97      0       
   6.6e+02   52        0.97      0       
   6.6e+02   52        0.97      0       
   6.6e+02   52        0.97      0       
   6.6e+02   52        0.97      0       
   6.6e+02   52        0.97      0       
   6.6e+02   52        0.97      0       
   6.6e+02   52        0.97      0       
   6.6e+02   52        0.97      0       
   6.6e+02   52        0.97      0       
   6.6e+02   52        0.97      0       
   6.6e+02   52        0.97      0       
   6.6e+02   52        0.97      0       
   6.6e+02   52        0.97      0       
   6.6e+02   52        0.97      0       
   6.6e+02   52        0.97      0       
   6.6e+02   52        0.97      0       
   6.6e+02   52        0.97      0       
   6.6e+02   52        0.97      0       
   6.6e+02   52        0.97      0       
   6.6e+02   52        0.97      0       
   6.6e+02   52        0.97      0       
   6.6e+02   52        0.97      0       
   6.6e+02   52        0.97      0       
   6.6e+02   52        0.97      0       
   6.6e+02   52        0.97      0       
   6.6e+02   52        0.97      0       

EFC_D
   1.4     
   1.4     
   1.4     
   2.6     
   12      
   2.3     
   3.5     
   0.98    
   0.97    
   0.67    
   0.005   
   0.005   
   0.005   
   0.005   
   0.005   
   0.005   
   0.005   
   0.005   
   0.005   
   0.005   
   0.005   
   0.005   
   0.005   
   0.005   
   0.005   
   0.005   
   0.005   
   0.005   
   0.005   
   0.005   
   0.005   
   0.005   
   0.005   
   0.005   
   0.005   
   0.005   
   0.005   
   0.005   
   0.005   
   0.005   
   0.005   
   0.005   

EFC_R
   0.72    
   0.72    
   0.72    
   0.39    
   0.083   
   0.43    
   0.29    
   1       
   1       
   1.5     
   2e+02   
   2e+02   
   2e+02   
   2e+02   
   2e+02   
   2e+02   
   2e+02   
   2e+02   
   2e+02   
   2e+02   
   2e+02   
   2e+02   
   2e+02   
   2e+02   
   2e+02   
   2e+02   
   2e+02   
   2e+02   
   2e+02   
   2e+02   
   2e+02   
   2e+02   
   2e+02   
   2e+02   
   2e+02   
   2e+02   
   2e+02   
   2e+02   
   2e+02   
   2e+02   
   2e+02   
   2e+02   

ACTUATOR_VELOCITY
  -0.28    
   0.29    
  -0.03    
   0.55    
   0.0078  
  -0.35    
  -0.29    

CVEL
   0         0         0         0         0         0       
   0         0         0         0         0         0       
   0         0         3e-12     2.7e-14  -2e-14     0       
   0         0         0         0         0         0       
   0         0         0         0         0         0       
   0         0        -0.28      0.0082   -0.044     0       
  -0.14      0.26     -0.28      0.012    -0.042    -0.046   
  -0.15      0.25     -0.3       0.013    -0.047    -0.045   
  -0.083    -0.28     -0.23      0.15     -0.032    -0.058   
  -0.08     -0.28     -0.23      0.15     -0.031    -0.058   
   0.012     0.05     -0.23      0.18     -0.038     0.018   
   0.012     0.049     0.063     0.17     -0.13      0.018   
   0.012     0.049     0.063     0.17     -0.13      0.018   
   0.012     0.049     0.063     0.17     -0.13      0.018   
   0         0         0         0.18     -0.094     0       

CDOF_DOT
   0         0         0         0         0         0       
   0         0         0         0         0         0       
   0         0         0        -9.5e-14  -1.3e-13   0       
   0         0         0         0         0         0       
   0.24      0.13      0         0.0019   -0.0036   -0.013   
   0.29      0.037    -0.11      0.0038   -0.022     0.0027  
  -0.26     -0.015     0.12     -0.049    -0.087    -0.075   
   0.24     -0.16      0.11      0.074     0.12     -0.023   
  -0.22      0.062     0.002     0.012     0.016    -0.18    
  -0.049     0.012     3.2e-05   0.11      0.17      0.0033  
   0         0         0         0         0         0       
   0         0         0         0         0         0       

QFRC_BIAS
   4.3e-26 
  -3.2e-26 
  -1.8e-43 
  -0.18    
  -29      
  -3.5     
   12      
   0.33    
   1.7     
   9.8e-05 
   0       
   0       

QFRC_SPRING
   0       
   0       
   0       
   0       
   0       
   0       
   0       
   0       
   0       
   0       
   0       
   0       

QFRC_DAMPER
  -9.5e-14 
  -1.3e-13 
  -3e-14   
   0.058   
  -0.062   
   0.0064  
  -0.11    
  -0.0016  
   0.073   
   0.062   
   0       
   0       

QFRC_GRAVCOMP
   0       
   0       
   0       
   0       
  -29      
  -3.3     
   13      
   0.32    
   1.7     
  -0.00013 
   0       
   0       

QFRC_FLUID
   0       
   0       
   0       
   0       
   0       
   0       
   0       
   0       
   0       
   0       
   0       
   0       

QFRC_PASSIVE
  -9.5e-14 
  -1.3e-13 
  -3e-14   
   0.058   
  -29      
  -3.3     
   12      
   0.32    
   1.8     
   0.062   
   0       
   0       

EFC_VEL
  -0.026   
  -0.014   
   0.0021  
  -0.28    
   0.29    
  -0.03    
   0.55    
   0.0078  
  -0.35    
  -0.29    
  -2e-12   
   2e-12   
  -1.6e-12 
   1.6e-12 
  -1e-12   
   1e-12   
  -2.3e-12 
   2.3e-12 
  -4.7e-13 
   4.7e-13 
   3.7e-13 
  -3.7e-13 
   4.9e-13 
  -4.9e-13 
  -3.6e-13 
   3.6e-13 
  -1.2e-12 
   1.2e-12 
   8.2e-13 
  -8.2e-13 
   1.1e-12 
  -1.1e-12 
  -9.2e-13 
   9.2e-13 
  -4.6e-13 
   4.6e-13 
   1.8e-12 
  -1.8e-12 
   1.8e-12 
  -1.8e-12 
   3.8e-14 
  -3.8e-14 

EFC_AREF
  -1.6     
   2.2     
  -0.16    
   15      
  -15      
   1.6     
  -29      
  -0.41    
   18      
   16      
   2.6     
   2.6     
   2.6     
   2.6     
   2.6     
   2.6     
   2.6     
   2.6     
   2.6     
   2.6     
   2.6     
   2.6     
   2.6     
   2.6     
   2.6     
   2.6     
   2.6     
   2.6     
   2.6     
   2.6     
   2.6     
   2.6     
   2.6     
   2.6     
   2.6     
   2.6     
   2.6     
   2.6     
   2.6     
   2.6     
   2.6     
   2.6     

SUBTREE_LINVEL
   0         0         0       
   0         0         0       
   0         0         0       
   0         0         0       
   0         0         0       
   0         0         0       
   0         0         0       
   0         0         0       
   0         0         0       
   0         0         0       
   0         0         0       
   0         0         0       
   0         0         0       
   0         0         0       
   0         0         0       

SUBTREE_ANGMOM
   0         0         0       
   0         0         0       
   0         0         0       
   0         0         0       
   0         0         0       
   0         0         0       
   0         0         0       
   0         0         0       
   0         0         0       
   0         0         0       
   0         0         0       
   0         0         0       
   0         0         0       
   0         0         0       
   0         0         0       

ACTUATOR_FORCE
   6.1     
  -26      
  -2.7     
  -49      
   0.14    
   27      
  -3.7     

QFRC_ACTUATOR
   0       
   0       
   0       
   6.1     
  -26      
  -2.7     
  -49      
   0.14    
   12      
  -3.7     
   0       
   0       

QFRC_SMOOTH
  -9.5e-14 
  -1.3e-13 
  -3e-14   
   6.3     
  -26      
  -2.5     
  -49      
   0.13    
   12      
  -3.6     
   0       
   0       

QACC_SMOOTH
  -3.1e-12 
  -4.1e-12 
  -9.7e-11 
   21      
  -38      
  -13      
  -83      
  -0.12    
   1.5e+02 
  -48      
   0       
   0       

EFC_B
  -1.6     
  -12      
   6.7     
   6.3     
  -23      
  -15      
  -54      
   0.29    
   1.3e+02 
  -64      
  -2.6     
  -2.6     
  -2.6     
  -2.6     
  -2.6     
  -2.6     
  -2.6     
  -2.6     
  -2.6     
  -2.6     
  -2.6     
  -2.6     
  -2.6     
  -2.6     
  -2.6     
  -2.6     
  -2.6     
  -2.6     
  -2.6     
  -2.6     
  -2.6     
  -2.6     
  -2.6     
  -2.6     
  -2.6     
  -2.6     
  -2.6     
  -2.6     
  -2.6     
  -2.6     
  -2.6     
  -2.6     

EFC_FORCE
   0.047   
   0.16    
  -7.1     
  -1.1     
   1.1     
   1.1     
   1.1     
  -0.071   
  -0.44    
   0.25    
   0.013   
   0.013   
   0.013   
   0.013   
   0.013   
   0.013   
   0.013   
   0.013   
   0.013   
   0.013   
   0.013   
   0.013   
   0.013   
   0.013   
   0.013   
   0.013   
   0.013   
   0.013   
   0.013   
   0.013   
   0.013   
   0.013   
   0.013   
   0.013   
   0.013   
   0.013   
   0.013   
   0.013   
   0.013   
   0.013   
   0.013   
   0.013   

EFC_STATE
  1
  1
  1
  3
  2
  2
  2
  1
  3
  2
  1
  1
  1
  1
  1
  1
  1
  1
  1
  1
  1
  1
  1
  1
  1
  1
  1
  1
  1
  1
  1
  1
  1
  1
  1
  1
  1
  1
  1
  1
  1
  1

QFRC_CONSTRAINT
  -5.5e-14 
  -7.2e-14 
  -1.8e-14 
  -1.1     
   4.1     
   1.8     
  -0.83    
  -0.071   
  -1.1     
   0.25    
  -0.16    
  -0.047   

QFRC_INVERSE
   0       
   0       
   0       
   0       
   0       
   0       
   0       
   0       
   0       
   0       
   0       
   0       

CACC
   0         0         0         0         0         0       
   0         0         0         0         0         0       
   0         0         0         0         0         0       
   0         0         0         0         0         0       
   0         0         0         0         0         0       
   0         0         0         0         0         0       
   0         0         0         0         0         0       
   0         0         0         0         0         0       
   0         0         0         0         0         0       
   0         0         0         0         0         0       
   0         0         0         0         0         0       
   0         0         0         0         0         0       
   0         0         0         0         0         0       
   0         0         0         0         0         0       
   0         0         0         0         0         0       

CFRC_INT
   0         0         0         0         0         0       
   0         0         0         0         0         0       
   0         0         0         0         0         0       
   0         0         0         0         0         0       
   0         0         0         0         0         0       
   0         0         0         0         0         0       
   0         0         0         0         0         0       
   0         0         0         0         0         0       
   0         0         0         0         0         0       
   0         0         0         0         0         0       
   0         0         0         0         0         0       
   0         0         0         0         0         0       
   0         0         0         0         0         0       
   0         0         0         0         0         0       
   0         0         0         0         0         0       

CFRC_EXT
   0         0         0         0         0         0       
   0         0         0         0         0         0       
   0         0         0         0         0         0       
   0         0         0         0         0         0       
   0         0         0         0         0         0       
   0         0         0         0         0         0       
   0         0         0         0         0         0       
   0         0         0         0         0         0       
   0         0         0         0         0         0       
   0         0         0         0         0         0       
   0         0         0         0         0         0       
   0         0         0         0         0         0       
   0         0         0         0         0         0       
   0         0         0         0         0         0       
   0         0         0         0         0         0       

